[[-0.9999999999999986, -0.1472217971599139, -0.17257625923298262, -0.07930091861547978, -0.14554480837625297, -0.08582454068091791, -0.1579973111380921, -0.07234567362342752, -0.09146728612889987, -0.14664396472973396, -0.07766827843177591, -0.07019985670698706, -0.18667445957648374, -0.0724832485119654, -0.09362256748574362, -0.17924566315235893, -0.10753464233519738, -0.34459594078440114, -0.17132911551941826, -0.09742299772353094, -0.10258276291299473, -0.11018478621361459, -0.1358421131287383, -0.12068959300028685, -0.09158157817171936, -0.0872536886632114, -0.21683384144139858, -0.2218688421189503, -0.13172681951804754, -0.25368431772595146, -0.06573831367096251, -0.18093353819402322, -0.13902072825597162, -0.09976051387144165, -0.09801365522664937, -0.13255805966085957, -0.13260267858426333, -0.17457388733146026, -0.19383032697990435, -0.051937497724273904, -0.07483594267454703, -0.14054168695457617, -0.18168534224979882, -0.20078151556750673, -0.1068529169149111, -0.11748836992812882, -0.20135824100189667, -0.05778642832944969, -0.17654589091431772, -0.09743231965057318, -0.0704972615953793, -0.026162198870660368, -0.0835534461912258, -0.10248995395387007, -0.1891276807789554, -0.1926168757976407, -0.10614872193654942, -0.1441409488396311, -0.165972035349467, -0.09195442168343625, -0.1891040037408705, -0.05425807959099786, -0.17778932604925402, -0.1884031011114403, -0.0844830219330021, -0.07810145515063902, -0.11862173057753483, -0.09516666338302454, -0.12281555999836974, -0.14762401230278088, -0.11031042854660013, -0.0867693814726132, -0.12292277059672316, -0.20182983583883488, -0.0789490058780056, -0.19965953095259284, -0.18858411805305791, -0.1588452542314438, -0.13493346656407612, -0.10145496270350307, -0.129441703119177, -0.172796122231022, -0.1292401508592136, -0.09010677170397803, -0.08422895770885686, -0.1451370543760658, -0.14553466526320702, -0.11843156758015146, -0.17245417472739294, -0.1921263167445023, -0.14778505170011524, -0.11543290177411696, -0.11332054358939549, -0.10437052341818476, -0.20010995078234048, -0.16107052652371673, -0.08718953090619894, -0.12928788271944924, -0.08234564460434739, -0.10113128709928947], [-0.1472217971599139, -1.0000000000000004, -0.3408336359125398, -0.12168296224075523, -0.3143066315234388, -0.1185522817755845, -0.2854069551634063, -0.07020812653463945, -0.2924186962703808, -0.28301804280308634, -0.12765345119242844, -0.1619729618314129, -0.2991016277297609, -0.16650536463484106, -0.187488662279574, -0.3961288834110519, -0.21239549467381408, -0.30492493653808633, -0.3031534923959816, -0.17315996125279015, -0.1414956111768074, -0.17391847649019723, -0.20242027303972004, -0.20419052301073912, -0.16420208719859902, -0.16588647620251318, -0.23095637974129404, -0.3271840259963332, -0.23052397206930772, -0.2931155991119423, -0.13720010379782555, -0.3515632294206811, -0.18388114692073937, -0.17651240576833563, -0.16449389313079013, -0.23480752168325525, -0.20158771966260353, -0.23245854617714667, -0.37795243838578435, -0.13477810948756694, -0.12544020542739648, -0.25091734448580505, -0.3614495975207436, -0.4200976860668674, -0.21725216983925122, -0.22925506413054503, -0.3933457751511083, -0.09243256337184272, -0.30870419995413445, -0.16654159734308394, -0.14724491092576955, -0.041555113255420086, -0.13184236029091906, -0.17755754780768676, -0.368910668782373, -0.3894457834012222, -0.1911162705341991, -0.35069230805255136, -0.3510581922696605, -0.14142484476405012, -0.36996089836859675, -0.05773986074874858, -0.3135882796918952, -0.3682590891013574, -0.15729162787645157, -0.11638364347130942, -0.21752231011531023, -0.2126463158800632, -0.18776016048419925, -0.27668757391908816, -0.21429622724360345, -0.22977899459268772, -0.17424975105102494, -0.40885696641527197, -0.13595214382882484, -0.233237050386628, -0.38934995287433993, -0.3914586477141019, -0.24285854068985444, -0.2055622864926044, -0.21007899790151766, -0.35951261461955164, -0.27968982778653645, -0.1780771681964726, -0.1429828057671415, -0.27173802155855753, -0.28337446948077694, -0.24149981745031057, -0.31882652627133984, -0.3492374478882381, -0.23713495534452592, -0.21868656002512718, -0.20166561481602863, -0.23156486548721866, -0.26363654629642647, -0.22287490703628396, -0.17138846231624952, -0.22410558027581665, -0.12434731577370467, -0.21092315098160397], [-0.17257625923298262, -0.3408336359125398, -1.0000000000000036, -0.1460407673560796, -0.282956930626702, -0.16794786386845584, -0.3282541695639326, -0.08018846797539175, -0.22197184018161523, -0.342207376544834, -0.1469194586558234, -0.13610522132830435, -0.35389020757653417, -0.1765306547559379, -0.22826482569428214, -0.3507221250326861, -0.2298675749838053, -0.34553258252991326, -0.37581583720961187, -0.1754244581734789, -0.17849489834875829, -0.2277249825409924, -0.2088639170149542, -0.21930842742057086, -0.18517428498216323, -0.19095507705392029, -0.2936998824406326, -0.4047141323067048, -0.3004883663450759, -0.3484902804000735, -0.10156623313377201, -0.425882784262206, -0.22553914818577836, -0.206229516283778, -0.17536652633869185, -0.28792308503885444, -0.25284415374556235, -0.2721510077858941, -0.45955476885871294, -0.1418203510706663, -0.14881647211345594, -0.2881612568443852, -0.43634288893607637, -0.49647240468634224, -0.2554419139118016, -0.24553273890836622, -0.47901593818417376, -0.10600402085283986, -0.3755912431746211, -0.22268807374077018, -0.15600769425729497, -0.060540346396777224, -0.15169682702973233, -0.19213513380637737, -0.4507847053248918, -0.4900100069264921, -0.21720596194929614, -0.3362103541399262, -0.40242048152964077, -0.16540550573730436, -0.4555714956208566, -0.07249382168682876, -0.3888000197466603, -0.4460560765334571, -0.1719741441576992, -0.12680339208443087, -0.2717801660418449, -0.2402252095633638, -0.21212599870232976, -0.32909922685688003, -0.2795489926333925, -0.2030708648177538, -0.21211384615321258, -0.4560802446693546, -0.1579679171492938, -0.2942816594363761, -0.45826318155443935, -0.3315425190695403, -0.30553637664117583, -0.25237514382453874, -0.2561305256750111, -0.4315112495344106, -0.27967010501389694, -0.17789225757443058, -0.19847222319980373, -0.30823415656957626, -0.3368948764623707, -0.2508028926382329, -0.39690678175158156, -0.38563209565827755, -0.30678105352379537, -0.291110318298161, -0.22442220646102323, -0.2527508553914108, -0.3058044547821671, -0.22865147216472315, -0.24890574880720692, -0.25234851061873304, -0.15488549068890928, -0.19315441401464462], [-0.07930091861547978, -0.12168296224075523, -0.1460407673560796, -0.9999999999999959, -0.13453180809685733, -0.10841136445711776, -0.20242808419421363, -0.07242671995157503, -0.08061420719895523, -0.10302081725842686, -0.0574983288740457, -0.05579748653101148, -0.12547127185150467, -0.07010474861790658, -0.07614823702853654, -0.17141381633437697, -0.07816801117735349, -0.1283974533272078, -0.16654509246398178, -0.08153335439494754, -0.08674551079872486, -0.08810840766941683, -0.11972022625486589, -0.08490509030535603, -0.06664938391488696, -0.07257548871219119, -0.10356153389381195, -0.17577408981212791, -0.11557514893775572, -0.1853664697736677, -0.12320786950850321, -0.1534615247845085, -0.09041701061749022, -0.12245959672469273, -0.11042194373473986, -0.09781163062762083, -0.12166536132045723, -0.17104916937502904, -0.15018693024038124, -0.05471523736159891, -0.1480983678743715, -0.10507121351658706, -0.15248401224062755, -0.14571228593821545, -0.07674652441285036, -0.08897898729293723, -0.16296560538735255, -0.06315071641462681, -0.1515794004031573, -0.06621166745925107, -0.05666166666437235, -0.04729485602946631, -0.06694809053137066, -0.10955672766194607, -0.15613259580448696, -0.15200552804403183, -0.08344432469726873, -0.11298357851916228, -0.1273241961015527, -0.1478970089122868, -0.1625422914517596, -0.03520176640409684, -0.13713714232846522, -0.1612464856034381, -0.08456495452635886, -0.045786837232111646, -0.08992968577365448, -0.0818253651994341, -0.0893801548850554, -0.14352159897131722, -0.07697256378701288, -0.07031746400574994, -0.0784837502962339, -0.17363470280991783, -0.13401219493200803, -0.11038595539007867, -0.13670505158475277, -0.11634342375608181, -0.16368762237357126, -0.07031937345852819, -0.07808612077696923, -0.12319713342466122, -0.09020013937482939, -0.06778977842767582, -0.05794320214257723, -0.12060835023553078, -0.10489858386315365, -0.09907455465635955, -0.1383017488790764, -0.15183123102792478, -0.17442361066566425, -0.08858627476262468, -0.12633157952402627, -0.10450366704376755, -0.13571709801416532, -0.1236383154750424, -0.07181049696298944, -0.12983694635926338, -0.0668754996767293, -0.06553526061296924], [-0.14554480837625297, -0.3143066315234388, -0.282956930626702, -0.13453180809685733, -1.0000000000000007, -0.1394426686759402, -0.2773103927125052, -0.08806161387863655, -0.23595507846359617, -0.2729935548761491, -0.14264550945274052, -0.15835701298148805, -0.25990457330044814, -0.15291125105688788, -0.15888543275651543, -0.327304360537109, -0.2002016767208759, -0.25139151370399104, -0.30874713392977526, -0.23445463232988437, -0.1364262393885927, -0.14055081562611027, -0.24550134567045795, -0.22469415955657507, -0.15469645090280446, -0.18566901340328593, -0.2049282631600295, -0.30517229372282145, -0.20723755751912037, -0.29601964531470715, -0.20097380162513973, -0.23976385571458292, -0.17005326546922328, -0.175689151510325, -0.24845300251668906, -0.21776903457856767, -0.2062019964769603, -0.2682618476318745, -0.2606466028487893, -0.11070412045797955, -0.119971304622064, -0.2727271386819851, -0.2504163139020621, -0.2957851401814679, -0.208654766194661, -0.22406930496675317, -0.2704896950026494, -0.09483318682363721, -0.27909880487259103, -0.17024936201235402, -0.18525465383331433, -0.04948628905614475, -0.13907394493097014, -0.1635636232512113, -0.26000265159306885, -0.2959611000493024, -0.2183647189827893, -0.30685147976941646, -0.30506450407083735, -0.1523274037455642, -0.29609635673863766, -0.07223603315658561, -0.23263693766239146, -0.26063983999604956, -0.30017344267140555, -0.13840399692019129, -0.2166363235057116, -0.19540995353199675, -0.20128494257105375, -0.3350219738628094, -0.23429091624781453, -0.21800462075637284, -0.13808103504383187, -0.3998053977519887, -0.1380692048036683, -0.21118247894268066, -0.2945061693445101, -0.29056877050540053, -0.24046049620284107, -0.13447375019721136, -0.16063648704583294, -0.26708480151129727, -0.2547630108295708, -0.14635268392381756, -0.1434270297231321, -0.2899928860125129, -0.23361423641786871, -0.27981029779383404, -0.2623921805997342, -0.3214687549730485, -0.29227662597593435, -0.24093501420920369, -0.21483698348172978, -0.27109008082694636, -0.24916718903289528, -0.23005206036350487, -0.23309991268012006, -0.2623612454278325, -0.11872208479723313, -0.19932271391339432], [-0.08582454068091791, -0.1185522817755845, -0.16794786386845584, -0.10841136445711776, -0.1394426686759402, -1.0000000000000009, -0.2638357093847632, -0.06897509371566451, -0.09872319637693547, -0.15943108191203476, -0.08523819023362512, -0.057906990153827345, -0.18765057869961183, -0.07776127085654023, -0.09626269013944701, -0.1555267995199186, -0.11908785105717665, -0.19591681165787725, -0.23506051683985726, -0.07620436136306391, -0.17771972503490344, -0.18205730296953723, -0.12464489941604931, -0.14204020530091124, -0.12061950939387589, -0.0861014949649018, -0.17121846284625356, -0.18261067451918686, -0.5110372774438254, -0.12699261337007195, -0.09606203991221611, -0.2054152917446118, -0.14094413590052285, -0.17139541828597202, -0.16102906748219384, -0.14177130741053084, -0.5103673667103711, -0.11354695762998655, -0.20074974586596295, -0.06160588451863936, -0.19588209536952572, -0.17740513074872324, -0.345410950155524, -0.18112083899976933, -0.11668084213187914, -0.13256910350381856, -0.2103373166218646, -0.10859604923270287, -0.16797672926665938, -0.11528375127891183, -0.08226649579391114, -0.08211935921891277, -0.07866619779820529, -0.23483746182286122, -0.20442360532298626, -0.20895449257489151, -0.12355928730991796, -0.14806236043427184, -0.1589503957005965, -0.2563989741379294, -0.18489930230211946, -0.039897072275514915, -0.2116661333838083, -0.20436831892622853, -0.11592665685022757, -0.08976157589765786, -0.12385520605778716, -0.09686816358379777, -0.10923390537969362, -0.1889911846705656, -0.14654990932771358, -0.09958248369883699, -0.09941972926898447, -0.1974553234154024, -0.09915152623802208, -0.15593075236745202, -0.17694930935952402, -0.1673543821813232, -0.21646734115280722, -0.15259977969802124, -0.10225495569222287, -0.15776694118683537, -0.12717334027795887, -0.10068849816304046, -0.1241301093922271, -0.15754418206832604, -0.15051045775604063, -0.08940043321208949, -0.17782651061580465, -0.1654992657562759, -0.49824557918655565, -0.11246290512691608, -0.13001800691400076, -0.09941743324639483, -0.11815160581933808, -0.09433764727898539, -0.10059525696280677, -0.1532770920530983, -0.08881655995693619, -0.0993141667090265], [-0.1579973111380921, -0.2854069551634063, -0.3282541695639326, -0.20242808419421363, -0.2773103927125052, -0.2638357093847632, -1.0000000000000029, -0.11141848560611603, -0.18176700334035875, -0.2908574951638648, -0.12341860704540829, -0.09763857253539558, -0.32564999543776746, -0.17543950076693485, -0.21428867957379238, -0.3070046881164248, -0.18714028456899554, -0.31628567887629583, -0.4645115962071987, -0.16159180036693283, -0.32506177635954087, -0.30010055865870394, -0.20245447248015874, -0.2044192200544186, -0.17872410972227945, -0.1534240494886677, -0.2673270409673425, -0.35428993967721256, -0.37011273884628776, -0.28793419845007884, -0.18283086895620812, -0.4587955876161797, -0.2519191648120223, -0.3196799566193944, -0.25745544732879017, -0.25632311331824736, -0.33280960880147664, -0.2384120046198142, -0.4683015496989048, -0.13429848684303622, -0.24348174620284907, -0.2867735166211855, -0.4788526997515561, -0.47625277726371973, -0.23783605801687627, -0.2123032138993449, -0.49830599437177925, -0.15921964531978, -0.3649018844885944, -0.19437028914207857, -0.130890912276625, -0.03679963274588096, -0.13203446943753383, -0.27456869839056686, -0.47103577530032587, -0.44335708593262135, -0.1896639382538937, -0.2781924871183321, -0.35824510264484655, -0.2924803616138634, -0.4188094366568083, -0.07108117186141856, -0.41586686139768836, -0.480233503688818, -0.19905201533451233, -0.10680106779165723, -0.2175573212360346, -0.2126799206925364, -0.19454145870358458, -0.33993607364945244, -0.24660899076393558, -0.17938492839380596, -0.22401756543718135, -0.42914606412997985, -0.22434164765821, -0.250900611071586, -0.4155487339449229, -0.33728808956237977, -0.34983280508030357, -0.2988616629216754, -0.24811712582068268, -0.39536730614482446, -0.19601084309907096, -0.16095174413872124, -0.1983730091869979, -0.3027152330210114, -0.33098075894639123, -0.2043936074100725, -0.39140988267076565, -0.32701712240742387, -0.40124313035835524, -0.21869050588821312, -0.268023008667506, -0.2147619205611283, -0.26283430966214216, -0.22277238163248464, -0.1845988922679219, -0.24775302707657654, -0.13284373018579437, -0.16099558103303574], [-0.07234567362342752, -0.07020812653463945, -0.08018846797539175, -0.07242671995157503, -0.08806161387863655, -0.06897509371566451, -0.11141848560611603, -0.9999999999999969, -0.04537420686164021, -0.08317512821845023, -0.057685133608200545, -0.03672563887320336, -0.12321106490283798, -0.04326866138082443, -0.04122569601013601, -0.2063721729133408, -0.06912820318109864, -0.11465649983891019, -0.15603835961039553, -0.05548254935860859, -0.10593992862729693, -0.0841063808402684, -0.10432220422180698, -0.09672193533166568, -0.06459260975261574, -0.055688324295802547, -0.12351388223597164, -0.11952172972001547, -0.07106178708588967, -0.10345103045439613, -0.06892443737174503, -0.08848296117768396, -0.09114175171129632, -0.06560680849092076, -0.0697553487112599, -0.08377746478160927, -0.09582118327748701, -0.07942136969219278, -0.08749221375926708, -0.023528872204084846, -0.08801499968409385, -0.10065059783316968, -0.08251839007192359, -0.07725726984006541, -0.05316179326690907, -0.07572878486314671, -0.09679581593770624, -0.046351322291174904, -0.0940873348863154, -0.062106454363471106, -0.039317635987804724, -0.01119997578484967, -0.05809391864221918, -0.08372373307707358, -0.0911919319289158, -0.08190814036087796, -0.06838377813926826, -0.07213962984975653, -0.07620009993805943, -0.07569105508070181, -0.08238444901857618, -0.039125209616729995, -0.10299928542498318, -0.08877944129865392, -0.061682260463791674, -0.06768389282850741, -0.0698210242794327, -0.04372717224865692, -0.08695279808405743, -0.09102040116677036, -0.06640322709319287, -0.04329326090515298, -0.09585471330552289, -0.10031400956935917, -0.05412666889064086, -0.10181335151805397, -0.07996847039907752, -0.09089467590380182, -0.07052349293610961, -0.03804334782944668, -0.05915555875799766, -0.06638812509994707, -0.08574400940748692, -0.059847211386047414, -0.05579617839587127, -0.08354566704759475, -0.06689114994070257, -0.06070011428053132, -0.0813907988334265, -0.10565516734332822, -0.09150643712586595, -0.06620204315861448, -0.07991542370194674, -0.052449468476013957, -0.0870004464282197, -0.09387121250061903, -0.048429790781348604, -0.07708116293891222, -0.05837643032054448, -0.06743210618616705], [-0.09146728612889987, -0.2924186962703808, -0.22197184018161523, -0.08061420719895523, -0.23595507846359617, -0.09872319637693547, -0.18176700334035875, -0.04537420686164021, -1.000000000000001, -0.2650691867912178, -0.09633432350349488, -0.16207393980723447, -0.22741556990130005, -0.08841639600167214, -0.11515682824735204, -0.21875534983648456, -0.15117161875897847, -0.1891799400344479, -0.2057751414566818, -0.11171809850820696, -0.10679477127911248, -0.11656125844758634, -0.11133438662960551, -0.18392405558875044, -0.13562838464191787, -0.15577174497646543, -0.14665771452982865, -0.19436832162576173, -0.15873517216225544, -0.17579136198021617, -0.09182332922515184, -0.18390515294855453, -0.10995469781655354, -0.10853113012741417, -0.13723778437521741, -0.15867754444896068, -0.148396784984103, -0.1278854261016181, -0.20319518452273153, -0.06042471834050565, -0.09599263981162534, -0.20027615135423776, -0.18779625952036738, -0.21574051696524185, -0.19311335537614338, -0.15084716437786372, -0.20445055069475912, -0.059449444998180764, -0.23645050361818035, -0.16423965259307496, -0.2320379701102483, -0.04060619469908197, -0.09488422947203862, -0.09796116640914729, -0.19380895745710372, -0.23062782429475198, -0.14665493475626734, -0.27290724596341354, -0.27348365669046826, -0.08439210288368343, -0.20146897913407077, -0.04333387986347835, -0.1772548996081162, -0.1905904458729431, -0.16492316162439008, -0.09577643896887145, -0.1246554911951881, -0.16719054295452238, -0.16121051126546346, -0.2979688125844525, -0.25112664352666136, -0.5308916302434006, -0.09501851337761615, -0.24695301255114854, -0.07077807172326187, -0.1574697745716254, -0.2515214914680043, -0.28849056269448026, -0.1370985885579559, -0.11757317560182493, -0.11351624411106101, -0.190023740642397, -0.16520089575038455, -0.10569542204938444, -0.16083012269153868, -0.2378126843877321, -0.1624088203255017, -0.23234326687209572, -0.1823387581859096, -0.2177899479394965, -0.15356307440989336, -0.16335691281592732, -0.13959196527356332, -0.22260729029295204, -0.16764894112253126, -0.10213925386325724, -0.17944276120860417, -0.15796637426212132, -0.09463674776224312, -0.19839254798114248], [-0.14664396472973396, -0.28301804280308634, -0.342207376544834, -0.10302081725842686, -0.2729935548761491, -0.15943108191203476, -0.2908574951638648, -0.08317512821845023, -0.2650691867912178, -1.000000000000001, -0.15196144883782936, -0.15899682698923107, -0.3319088078091714, -0.1453486307165627, -0.2029872046199865, -0.2871107336828261, -0.24041405643370434, -0.31674029253881614, -0.35145206385596245, -0.17063570319579263, -0.18532595309151628, -0.20697997481869587, -0.1730078805974089, -0.267846526749483, -0.22220996548950192, -0.198586872538914, -0.2806737020705181, -0.31813568860001695, -0.2709069856702813, -0.25427793015662764, -0.09780508869845117, -0.3457399516081279, -0.20952078847000755, -0.18162760523105767, -0.16536964461254106, -0.31218990685866244, -0.2386471279925068, -0.18543122533936043, -0.3801288537331261, -0.1079816673459539, -0.1285324221633978, -0.3456226614893542, -0.3573897171184533, -0.4044033181014899, -0.2725972494744675, -0.24427960585387526, -0.3906330637937846, -0.10682556631526614, -0.3515598707414926, -0.25326055719083646, -0.21949211255327516, -0.0379961127027675, -0.14492142221907367, -0.16686469522919284, -0.36532338933392755, -0.39635523408993245, -0.21162941204567695, -0.47480527451784094, -0.37961194813629645, -0.12971109418902685, -0.3702982312935907, -0.07233794280114061, -0.33717922203408274, -0.35854635435661625, -0.20892233923748793, -0.16920997223890613, -0.21102010066012067, -0.25371839559760784, -0.20807812290136807, -0.3984005030313898, -0.35499841464601994, -0.25881744161463704, -0.1748210676175158, -0.3856386684995638, -0.11963341556489658, -0.2649753680192462, -0.40037072262431594, -0.33154280033693767, -0.23653645655779978, -0.20994519037632575, -0.21118275966095942, -0.3837090241140684, -0.24984358192736655, -0.18662053152531108, -0.2593652334098383, -0.31282999542713935, -0.30010608564819485, -0.28212214428628324, -0.33354256615700006, -0.35259260937375886, -0.24912561533986674, -0.2760429730122497, -0.20637442689028176, -0.24959526924077338, -0.2404573934851583, -0.18526499920969375, -0.25632747817946466, -0.2158546610379171, -0.16047817190247443, -0.23319011521772975], [-0.07766827843177591, -0.12765345119242844, -0.1469194586558234, -0.0574983288740457, -0.14264550945274052, -0.08523819023362512, -0.12341860704540829, -0.057685133608200545, -0.09633432350349488, -0.15196144883782936, -1.0000000000000044, -0.06712345880388113, -0.18097198806954667, -0.062171938129232954, -0.08053376637868132, -0.1597210544771882, -0.11920119742842504, -0.16104952045437884, -0.14475758953954357, -0.08928601997449137, -0.11901388456277297, -0.11494071745616906, -0.12011440706787378, -0.1417297999234625, -0.10555472705008634, -0.10200611898373291, -0.15901376246607504, -0.15307024051512658, -0.11183028139824984, -0.12332948914100401, -0.06371201551609966, -0.1318604258768548, -0.12022837491118504, -0.07086839726557265, -0.08207871212695539, -0.136645218715106, -0.13305339074065547, -0.09512212467683263, -0.14743638972410034, -0.048522480092752715, -0.05757038416826231, -0.15709073743963017, -0.13264429064106437, -0.15138266744093312, -0.10671220092113956, -0.12550266925923767, -0.15057086068280898, -0.0577385570136555, -0.1493110191000295, -0.11608511539714411, -0.09113946946384964, -0.021928626482095925, -0.09106321636039136, -0.08285063513603173, -0.1391887509273451, -0.15843832414858414, -0.12406992164922927, -0.14645023432761428, -0.16014876579173723, -0.06703118758785545, -0.1495898155865173, -0.03211525050240495, -0.1469665894108213, -0.13643648617138138, -0.09918631489235225, -0.11157368498900135, -0.10700766076040916, -0.09120631029685007, -0.11400744292237486, -0.1734138534664851, -0.13499784435548046, -0.08760007345359049, -0.0665051714155466, -0.1688691661804516, -0.061145780531741106, -0.13464981065730092, -0.1594418904488259, -0.14240986610771203, -0.09882981105341927, -0.07773195895432235, -0.07890787963992053, -0.1372161258878589, -0.16945589370226222, -0.0925738687254025, -0.09943430728150869, -0.133929373065132, -0.11588156733955496, -0.12273331280297742, -0.13946447623186806, -0.18746830792220925, -0.11893012863446441, -0.11403786960163814, -0.0980836018563431, -0.10909959796005805, -0.10546127615571153, -0.09263878581775356, -0.09090099394071899, -0.11450552246280178, -0.09099175004722647, -0.12484503126903501], [-0.07019985670698706, -0.1619729618314129, -0.13610522132830435, -0.05579748653101148, -0.15835701298148805, -0.057906990153827345, -0.09763857253539558, -0.03672563887320336, -0.16207393980723447, -0.15899682698923107, -0.06712345880388113, -0.9999999999999973, -0.13244703107629266, -0.05140140908264923, -0.06278017780627793, -0.1731060310565067, -0.1473893342972757, -0.11466487423823968, -0.10280706404204545, -0.0960196242309164, -0.06684050700735734, -0.0648591777122257, -0.10773193110763425, -0.11082145369518709, -0.0876340727076285, -0.10425575152393479, -0.09833616710666271, -0.13236086183492343, -0.07354849218359097, -0.14358462423585588, -0.07663880819440651, -0.08015439178703555, -0.07025879511773016, -0.05142379403499997, -0.11478960984702363, -0.10210894384279441, -0.09197139159935626, -0.09849828965239063, -0.09397925841229218, -0.045198001218306964, -0.05954798894012128, -0.12758024396648288, -0.08279808979984005, -0.09721180525901355, -0.10048051652531434, -0.11249027021353959, -0.09168056683814492, -0.036710694534440216, -0.1555357320130719, -0.09286447423098865, -0.15180823428949292, -0.04204049451618543, -0.06858225121677945, -0.06354368324676064, -0.08763788916615463, -0.11559546089446397, -0.10279166653835467, -0.17865211976341844, -0.1496830151098206, -0.04793557002593174, -0.10854149598827056, -0.03260589141890516, -0.08642408705299492, -0.08373132501859269, -0.11368644307546866, -0.07122080765132971, -0.1046383702128205, -0.09796023272359347, -0.09724305403490659, -0.17086717601092116, -0.1361336644910011, -0.14204459854641552, -0.0434584469947151, -0.1430271185905601, -0.04180319665386516, -0.11765415606243841, -0.12755797132814875, -0.15510410862130522, -0.07804400500810488, -0.046007268273214545, -0.050809637174721874, -0.09221541410288123, -0.13455278310329266, -0.06906344360431876, -0.08517302946260631, -0.1332071281336422, -0.08066939137619689, -0.17876784677148458, -0.09516091451263163, -0.16593842716309698, -0.07904118218036317, -0.10357526716827191, -0.09913956855145481, -0.16739647025721852, -0.1309543272111064, -0.08815302678014333, -0.10286254315234179, -0.0996385397908399, -0.06196233443986532, -0.1099194870373259], [-0.18667445957648374, -0.2991016277297609, -0.35389020757653417, -0.12547127185150467, -0.25990457330044814, -0.18765057869961183, -0.32564999543776746, -0.12321106490283798, -0.22741556990130005, -0.3319088078091714, -0.18097198806954667, -0.13244703107629266, -0.999999999999999, -0.15532331285517711, -0.20500231247657677, -0.3488708294066444, -0.23997596240183935, -0.39035305945892546, -0.37299469593662127, -0.15452252794426036, -0.2640826656441628, -0.2732922225508319, -0.23388044626642032, -0.279712528703504, -0.21937202623658777, -0.17977604956832494, -0.38126727245033587, -0.3707022722284501, -0.2958390079078663, -0.2931702514141863, -0.11346387941781207, -0.39658790687064716, -0.2787584344594312, -0.20111522797924064, -0.18234729331055982, -0.3211388463386111, -0.30533133568844284, -0.22035880976187375, -0.4349438411077756, -0.11609060183412179, -0.15116687825138006, -0.31103919525926543, -0.40029491922705224, -0.4431941406062656, -0.23325513338064927, -0.25958820051429254, -0.4466092335983758, -0.13145726897297852, -0.36616843059536974, -0.23400485681779806, -0.16021348729390236, -0.040301119462244, -0.1745256076214916, -0.19729560945201158, -0.41627472042608926, -0.41691574147166327, -0.23598228559814513, -0.29839336359902396, -0.3668857936816212, -0.1753417114815797, -0.4025060717651217, -0.07510253239509809, -0.3996000884257383, -0.40859696238006366, -0.14734739083310308, -0.19364402999509012, -0.24005257178638328, -0.20328639938945797, -0.24202822409488928, -0.3316065200565851, -0.2664050782037593, -0.19592469563468537, -0.19582522411397058, -0.43342453184120944, -0.1433906927669778, -0.3110459061662745, -0.4244855139111812, -0.4157018119927906, -0.2622438175760509, -0.2329181990128234, -0.23602144606770123, -0.3965078384607242, -0.27701933578155774, -0.2043825569059368, -0.22520667896621738, -0.3122779452783494, -0.31312839132855685, -0.22707579536219327, -0.3750489963134376, -0.3950948440670074, -0.2914779184205284, -0.25255302562285703, -0.2189080694457132, -0.20047673832915924, -0.2556583476252123, -0.23064136430098248, -0.19044706668126674, -0.242748673917348, -0.1902213567599166, -0.2334601407654451], [-0.0724832485119654, -0.16650536463484106, -0.1765306547559379, -0.07010474861790658, -0.15291125105688788, -0.07776127085654023, -0.17543950076693485, -0.04326866138082443, -0.08841639600167214, -0.1453486307165627, -0.062171938129232954, -0.05140140908264923, -0.15532331285517711, -1.0000000000000013, -0.11620829377043139, -0.14479463176614493, -0.09834830197478203, -0.15249111679715838, -0.18415084192090758, -0.19615465920442032, -0.08429799810263378, -0.10893468246002898, -0.10361012830593175, -0.09641847642302935, -0.103395058552602, -0.08412380420406151, -0.1268021573688982, -0.18789532312021567, -0.1447190964199979, -0.14964155604944135, -0.10495586058485779, -0.21361774711344614, -0.10993291456884315, -0.11064636866766506, -0.08593567051655876, -0.1302358722036813, -0.11989988380356591, -0.12477075725981045, -0.22763337228110958, -0.14712940191394736, -0.08348695409156497, -0.1673848992216378, -0.21877775716705994, -0.24525803164220164, -0.10908453146750847, -0.13501265665033918, -0.23797210129006402, -0.053462572463472136, -0.16489986893091108, -0.09048840660166703, -0.06703123911987015, -0.02035792315411526, -0.06591653864726986, -0.1165737702698407, -0.22858848688652642, -0.2228173659977982, -0.10578259333314437, -0.1355476282701641, -0.18580845299675205, -0.0931392208524632, -0.23149791222640392, -0.033650139661613634, -0.192571220791906, -0.22218610522145532, -0.08124935753776033, -0.051731174229511206, -0.12720131990235997, -0.11405488740930649, -0.0956659578228393, -0.1436976845459007, -0.10504514926775442, -0.10450183450841545, -0.1073954759339575, -0.22554853259292348, -0.08762277368410713, -0.12018651048463667, -0.2197333961105413, -0.14318069147533638, -0.15143086415946805, -0.13685770141067194, -0.12714955767063343, -0.2085854898179644, -0.12985352028797453, -0.07642931218456313, -0.08789986652649641, -0.14628822975091904, -0.16811351114894546, -0.10536387834970605, -0.19793690540082928, -0.18662036870309692, -0.14271281662999583, -0.12009459222845505, -0.11141472652618878, -0.14882461212460998, -0.13454845743804608, -0.12241030617282565, -0.08819618517705706, -0.14523743556385985, -0.0676147473307094, -0.09718962025599288], [-0.09362256748574362, -0.187488662279574, -0.22826482569428214, -0.07614823702853654, -0.15888543275651543, -0.09626269013944701, -0.21428867957379238, -0.04122569601013601, -0.11515682824735204, -0.2029872046199865, -0.08053376637868132, -0.06278017780627793, -0.20500231247657677, -0.11620829377043139, -1.0000000000000016, -0.17781721440870377, -0.13534131561878743, -0.21291844827548315, -0.2576455836241583, -0.11219182425129205, -0.10209906569241052, -0.13620630719906807, -0.10870697222052943, -0.13093399313142187, -0.10854592957206176, -0.09990794240463904, -0.17738031848830618, -0.23308170169688225, -0.21016362707374817, -0.17883418193806463, -0.04541761518166478, -0.30776670232013387, -0.14194454131743872, -0.14849141582443762, -0.10144446618211106, -0.18691925079790178, -0.15122029183644192, -0.13430126202000625, -0.33049255886644396, -0.0964165868957396, -0.09273894268629647, -0.16911784293577303, -0.3272018367744223, -0.3534425346667571, -0.15944305311343598, -0.165986850510727, -0.3454368069498152, -0.06973134673367165, -0.22803132478521687, -0.134912699072284, -0.08505342495786268, -0.021457267696107656, -0.08370986006904127, -0.121926002502794, -0.3234238304645597, -0.32213326785110247, -0.135051595652577, -0.18538241837375616, -0.25648011356530553, -0.10022645508220945, -0.3403985576728826, -0.03992232344326523, -0.2746931230537004, -0.32163996452156196, -0.08200210623445842, -0.0687367666625695, -0.15113426542705446, -0.1500215322210386, -0.1299645054178182, -0.1949291607266002, -0.15234899060617685, -0.12326231923460616, -0.1561779751431912, -0.3125439483796171, -0.10698389563894857, -0.16487520879441722, -0.3241128268446872, -0.20013825499453547, -0.20730761099928807, -0.18505211084128376, -0.19182151583299414, -0.30897587181552144, -0.1443869283396412, -0.1085070832364845, -0.15481604124747572, -0.19240441904254466, -0.25185333790049114, -0.15298588421126272, -0.27113424536984726, -0.23390066234449852, -0.19471145133253462, -0.15806041895705833, -0.13890652118045418, -0.13318249814498845, -0.16777684407971535, -0.1273382935183442, -0.12280825431238078, -0.1616587702979513, -0.09218761355636239, -0.11850865835982298], [-0.17924566315235893, -0.3961288834110519, -0.3507221250326861, -0.17141381633437697, -0.327304360537109, -0.1555267995199186, -0.3070046881164248, -0.2063721729133408, -0.21875534983648456, -0.2871107336828261, -0.1597210544771882, -0.1731060310565067, -0.3488708294066444, -0.14479463176614493, -0.17781721440870377, -1.0000000000000013, -0.2073873802236707, -0.3273800858492272, -0.3424765269216954, -0.20901783789495304, -0.19182151569031486, -0.20410505889710917, -0.26311124181591644, -0.22856663139553718, -0.18609117895774932, -0.1850789635691223, -0.2874377192264906, -0.38273769777666633, -0.24064918773861432, -0.3308313870953172, -0.16956494391335697, -0.3344773417109241, -0.22160236407445924, -0.18243684025642712, -0.25687087421466287, -0.2525322394332525, -0.2560667172697321, -0.25960303867033174, -0.360337086390583, -0.10056477852301234, -0.15965804897578253, -0.27935149986658625, -0.33937531621006584, -0.3754711351918522, -0.1980301832616465, -0.23726324246512412, -0.37007416951494726, -0.10827055457530596, -0.3562101790112581, -0.19020077354411888, -0.15169136168398517, -0.07560526218634786, -0.1644051554186342, -0.19428232510818294, -0.34582358015752523, -0.36588069662024736, -0.2373983714946168, -0.29658105626409276, -0.335144063819414, -0.17382099974800264, -0.3646903149553868, -0.07833627230608849, -0.3213078963733127, -0.3445064175737097, -0.19653218124335417, -0.17963628551352634, -0.22082679360825985, -0.20224314056585224, -0.24700963458761194, -0.3084328295288282, -0.22140468254266682, -0.1959448568609749, -0.18242335021857095, -0.4000354229380652, -0.1526618391971853, -0.2872065479849084, -0.36039126641188546, -0.3341712113887937, -0.26582665634594455, -0.18431338926342664, -0.19499145024622136, -0.3192562619872081, -0.2961279060886826, -0.1652146571330887, -0.14380241909794705, -0.2897924388233457, -0.2645210988375955, -0.27404220709986915, -0.30896276932550654, -0.3725670632693801, -0.27714156278544916, -0.22421877084075564, -0.23352626855263164, -0.26866542709857, -0.2963670580335997, -0.2677356226558147, -0.1817881908038125, -0.2483637615007312, -0.14896257524221884, -0.21897266256617318], [-0.10753464233519738, -0.21239549467381408, -0.2298675749838053, -0.07816801117735349, -0.2002016767208759, -0.11908785105717665, -0.18714028456899554, -0.06912820318109864, -0.15117161875897847, -0.24041405643370434, -0.11920119742842504, -0.1473893342972757, -0.23997596240183935, -0.09834830197478203, -0.13534131561878743, -0.2073873802236707, -1.0000000000000004, -0.2153154486481115, -0.2137659033096294, -0.12985062223585972, -0.14410100387455158, -0.1459323161846352, -0.14470934337223415, -0.19404610085052046, -0.14961208802795847, -0.1509456107506912, -0.19981765091122272, -0.21193270999736963, -0.16391826438035437, -0.19785157698722125, -0.09379156445123646, -0.19977759871313003, -0.1758116399990817, -0.10773749586062972, -0.11944062869506553, -0.1859249212595959, -0.17409711771119496, -0.13411880478520055, -0.22187059416152854, -0.0760476343280317, -0.08758463302984525, -0.235109968379606, -0.2082538412529655, -0.24211597370211635, -0.1717005227500445, -0.2015614952219114, -0.22655316981081264, -0.07746460535203226, -0.22255493968442322, -0.1610535268679929, -0.1414726676579353, -0.0231812708955413, -0.11277015428231574, -0.1304410746135389, -0.21653209091702694, -0.2395194787925535, -0.15839399484175112, -0.22488564815257278, -0.23057488257761602, -0.09379078625516464, -0.22996370456912457, -0.046158964274676514, -0.20711065527302697, -0.20823052856349658, -0.14550340224268507, -0.12345723850320743, -0.19305421797971029, -0.16356863093788848, -0.14764253360812846, -0.24629447931606513, -0.2051980203391309, -0.1386596997541947, -0.10224374189778387, -0.2645697483530176, -0.0815587734698229, -0.1778253159851712, -0.2376641581232494, -0.21023537768736444, -0.14560567072957256, -0.11904106714673392, -0.12126147772117157, -0.21079748133464055, -0.20532733585818155, -0.13020668382588058, -0.14984728760665528, -0.20539082884835586, -0.19294473057754788, -0.17835040886342537, -0.20659216999431185, -0.251561278368878, -0.1638092260622654, -0.1860737351283578, -0.1525884193470622, -0.16410706687515272, -0.16448937534658542, -0.1368640604712476, -0.16599299063844733, -0.1612364065343305, -0.11237342103341576, -0.184681154563838], [-0.34459594078440114, -0.30492493653808633, -0.34553258252991326, -0.1283974533272078, -0.25139151370399104, -0.19591681165787725, -0.31628567887629583, -0.11465649983891019, -0.1891799400344479, -0.31674029253881614, -0.16104952045437884, -0.11466487423823968, -0.39035305945892546, -0.15249111679715838, -0.21291844827548315, -0.3273800858492272, -0.2153154486481115, -0.9999999999999984, -0.3809746881535087, -0.14336112857852257, -0.23247561319174753, -0.2582038397917982, -0.2584849452493231, -0.2584009563232068, -0.2112530352572614, -0.15789724174497582, -0.37911938412040275, -0.3964031195640836, -0.3067162857551801, -0.3111817765079582, -0.09620547022909566, -0.4091373825208285, -0.29447417906729767, -0.20740267947062824, -0.17978587901221665, -0.29405116373560636, -0.2961052646088428, -0.24123503042755634, -0.4467645345016519, -0.11874367253553078, -0.14690767090969598, -0.29301611786461307, -0.41649343367656866, -0.45830790231863733, -0.22489154553116697, -0.25460162048154195, -0.45920206762561794, -0.12519967018305783, -0.3560755845848202, -0.22116107823673373, -0.14063241937973647, -0.040831316296679056, -0.17121432906404363, -0.18791779645681453, -0.42685915522043844, -0.42180723908397716, -0.2224847380027304, -0.27985026691608444, -0.35637361769425924, -0.17334718783347827, -0.40993882850944735, -0.08324028031226358, -0.40717132115945154, -0.42502179141201935, -0.14829738269419868, -0.1705947485725686, -0.22571729620926798, -0.19506348068501186, -0.2331138793401674, -0.3058082822711127, -0.2671974292496795, -0.17939965514431058, -0.22853747818486952, -0.4119427289692772, -0.14084962630154432, -0.4123131297544661, -0.42858700961162216, -0.35242119369716246, -0.2820913857201939, -0.23986644638290777, -0.27401303915468067, -0.39772290446881403, -0.2604379035620648, -0.19045917773943613, -0.2126253848682703, -0.30941329656655886, -0.3185722028020688, -0.2013155030206091, -0.3772170916189106, -0.3747745116119515, -0.30856628144576526, -0.23265867843345958, -0.20873975610166998, -0.18936134902790408, -0.3126855587209498, -0.2264477772030106, -0.17524840324792462, -0.23341766356517302, -0.17881626470149486, -0.2111678210084211], [-0.17132911551941826, -0.3031534923959816, -0.37581583720961187, -0.16654509246398178, -0.30874713392977526, -0.23506051683985726, -0.4645115962071987, -0.15603835961039553, -0.2057751414566818, -0.35145206385596245, -0.14475758953954357, -0.10280706404204545, -0.37299469593662127, -0.18415084192090758, -0.2576455836241583, -0.3424765269216954, -0.2137659033096294, -0.3809746881535087, -1.0000000000000024, -0.15558201696233304, -0.24127920803460412, -0.2762851728516915, -0.20158774069127686, -0.2506205221589945, -0.2123337955905138, -0.16701660656701975, -0.33613662713271014, -0.40182716156470133, -0.40480459215296155, -0.275023856866691, -0.12764353949733243, -0.5369428838190787, -0.2702951995726929, -0.32173574012313605, -0.27001207290156193, -0.3084053571778117, -0.3283862353830892, -0.23089889285280762, -0.5587375360243899, -0.14389819246525634, -0.22340337391889187, -0.3238523945332